0 0.2105078125 0.22450536406250002 0.22335131874999997 0.268942059375 0.24549560625 0.23925000000000002 0.2323198234375 0.193981759375 0.2105078125 0.22450536406250002
0 0.299400390625 0.199027896875 0.3107136234375 0.24717703906250002 0.3336081546875 0.21921888437499998 0.32155835 0.1724265015625 0.299400390625 0.199027896875
0 0.45823461875 0.0686309015625 0.4636435546875 0.11865021406250001 0.48632641562499995 0.1071443140625 0.4814409171875 0.0569018234375 0.45823461875 0.0686309015625
0 0.5627954093749999 0.20647049375 0.5651630859375001 0.2547709234375 0.586970703125 0.2501142703125 0.584603028125 0.2038218890625 0.5627954093749999 0.20647049375
0 0.2316062015625 0.701840665625 0.2421684578125 0.749922746875 0.264294678125 0.72311534375 0.2539284671875 0.6767773609375001 0.2316062015625 0.701840665625
0 0.3740258796875 0.5531587984375 0.3728308109375 0.6030144843749999 0.39616162187500004 0.603715128125 0.39679907187499996 0.5539731765625 0.3740258796875 0.5531587984375
0 0.43856811562500003 0.5554350859375 0.4422495125 0.6025568671875 0.4648154296875 0.5928889484375001 0.46028930625 0.5458084765625 0.43856811562500003 0.5554350859375
0 0.5635673828125001 0.317962446875 0.561076415625 0.36751663125 0.5843547359375 0.3718149140625 0.5861240234375 0.32228433437500004 0.5635673828125001 0.317962446875
0 0.74874609375 0.63664109375 0.75275 0.6886453859375 0.777052490625 0.6820960296874999 0.772489990625 0.6272435625 0.74874609375 0.63664109375
0 0.5888068843750001 0.61473336875 0.588783203125 0.6654763953125 0.6121691890625 0.6661030046875 0.6118840328124999 0.615116415625 0.5888068843750001 0.61473336875
0 0.48572729531250003 0.88691148125 0.489467040625 0.9389849781249999 0.512873290625 0.9282821890624999 0.5082390140624999 0.8751561156250001 0.48572729531250003 0.88691148125