0 0.23987890625000002 0.18374463593749998 0.21911328124999999 0.211125 0.230519775 0.257034334375 0.2533327640625 0.22874678125 0.23987890625000002 0.18374463593749998
0 0.3287917484375 0.1631716734375 0.30685595625 0.18595278906249998 0.317482665625 0.2347473171875 0.340880615625 0.209031653125 0.3287917484375 0.1631716734375
0 0.4883859859375 0.048019849999999996 0.465767821875 0.0574141625 0.46966748125 0.107166309375 0.493455565625 0.096879828125 0.4883859859375 0.048019849999999996
0 0.5917761234375 0.193313840625 0.5698405765625 0.1961287546875 0.5720827640625 0.24388841249999998 0.59333618125 0.2413165234375 0.5917761234375 0.193313840625
0 0.2617961421875 0.6633363734375 0.2391647953125 0.6877081546875 0.2491166984375 0.7368787546875 0.27191870156250003 0.7094763953125 0.2617961421875 0.6633363734375
0 0.40420190468749995 0.5419302578125 0.3811867671875 0.5412103 0.3801213375 0.591817596875 0.40313622968749996 0.59251985 0.40420190468749995 0.5419302578125
0 0.4673227546875 0.5354104078125 0.4452783203125 0.5443428109374999 0.448792725 0.591064378125 0.4707570796875 0.5831641624999999 0.4673227546875 0.5354104078125
0 0.5934504390625001 0.3123873390625 0.5701040046875 0.3072011796875 0.5680463875 0.3555289703125 0.5897307125 0.36126985 0.5934504390625001 0.3123873390625
0 0.7800551765625 0.6186062234375 0.755716796875 0.6248524671875 0.758823975 0.678080471875 0.7835505375 0.6721046140625 0.7800551765625 0.6186062234375
0 0.6184089359375 0.604929184375 0.595301025 0.6043776828125 0.5954213859374999 0.6546647 0.6181682125 0.6559876609375 0.6184089359375 0.604929184375
0 0.5149833984375001 0.8641593343749999 0.4915083015625 0.8724012875 0.4954208984375 0.9261518234375 0.5195478515625 0.9168353 0.5149833984375001 0.8641593343749999