0 0.23920336875 0.3242934546875 0.25037915 0.37529238125000003 0.2751796875 0.3490450640625 0.2630854484375 0.2978953859375 0.23920336875 0.3242934546875
0 0.334119384375 0.3217709234375 0.344529540625 0.375965665625 0.369330078125 0.3530831546875 0.359685546875 0.2999147 0.334119384375 0.3217709234375
0 0.4854873046875 0.2839254296875 0.488395996875 0.3390552578125 0.5139621578125 0.3329978546875 0.5104411625 0.2788202796875 0.4854873046875 0.2839254296875
0 0.606263184375 0.1378090125 0.6071413578125 0.1398937765625 0.60698461875 0.139652896875 0.6075178218749999 0.1899366953125 0.6307307125 0.188557403125 0.62972680625 0.13918776875 0.606263184375 0.1378090125
0 0.5915388187499999 0.3188626609375 0.596292725 0.37025643750000004 0.618658690625 0.36116040781250003 0.6141264640624999 0.3111314375 0.5915388187499999 0.3188626609375
0 0.7754169921875 0.804112125 0.7761066890625 0.8587043984375 0.8009357906250001 0.8571883046875 0.7999504390625 0.8013116953124999 0.7754169921875 0.804112125
0 0.9614206546874999 0.517718346875 0.9765979 0.5523395921875001 0.9914589843750001 0.5144603 0.9756494140624999 0.47970922812500005 0.9614206546874999 0.517718346875
0 0.2377136234375 0.8289243562499999 0.247888184375 0.8844924890625 0.2715986328125 0.85923980625 0.26243212968749996 0.8065847640625 0.2377136234375 0.8289243562499999
0 0.3911528328125 0.6915439921875 0.38730078125 0.7436190984375 0.41233911093750003 0.7493471031250001 0.41551123125 0.6950574031250001 0.3911528328125 0.6915439921875
0 0.45807128906249994 0.6581786484375 0.46082495156250003 0.7098513953125 0.48475683593749996 0.701482296875 0.48176538124999996 0.6500729609375 0.45807128906249994 0.6581786484375
0 0.612109375 0.4958674890625 0.6072094734375 0.5460799359374999 0.6298918453125 0.5549399140625 0.634712890625 0.5054286484375 0.612109375 0.4958674890625
0 0.6220288078125 0.8030981765625 0.6226796875 0.85698980625 0.6466301265625 0.8552730687500001 0.64571899375 0.8003379828125 0.6220288078125 0.8030981765625