0 0.2482036140625 0.3131668453125 0.25971533281250003 0.36712821875 0.284509765625 0.3396486046875 0.27242504843750004 0.2874383046875 0.2482036140625 0.3131668453125
0 0.3433327640625 0.31298015 0.3530246578125 0.3663052578125 0.377986084375 0.3439962453125 0.3677453609375 0.291942596875 0.3433327640625 0.31298015
0 0.493328125 0.2755370171875 0.49589721718749996 0.33061534375 0.5205808109375 0.3249678109375 0.517919921875 0.270307403125 0.493328125 0.2755370171875
0 0.615080565625 0.13063572968749998 0.6154255375 0.1810273609375 0.6382233890625 0.180491953125 0.6375744625 0.1302011796875 0.615080565625 0.13063572968749998
0 0.5985 0.3106030046875 0.6032705078125 0.361866415625 0.6262563484375 0.35265075156250003 0.6213413078125 0.3021255359375 0.5985 0.3106030046875
0 0.782912109375 0.795287553125 0.7831706546875 0.85030633125 0.808606934375 0.849093884375 0.8074350593749999 0.7939393781249999 0.782912109375 0.795287553125
0 0.6293764640624999 0.7935842281250001 0.6295195312499999 0.846373390625 0.6526887203125 0.8451158796874999 0.652474365625 0.79261534375 0.6293764640624999 0.7935842281250001
0 0.619365234375 0.487165771875 0.6144309078125 0.537120171875 0.6383151859375 0.5467086906249999 0.6421767578125 0.49625160937499996 0.619365234375 0.487165771875
0 0.999755859375 0.5073310078125 0.98590966875 0.473251609375 0.971042725 0.5098986046875 0.98590966875 0.5474796140625 0.9997146000000001 0.514100321875 0.999755859375 0.5073310078125
0 0.2473601078125 0.8156062234375 0.2565300296875 0.86922049375 0.28170092812499997 0.84701663125 0.27226171875 0.7935085843749999 0.2473601078125 0.8156062234375
0 0.399709228125 0.6809683468750001 0.39540380937499997 0.731659871875 0.41999487343749997 0.73748336875 0.42330688437499997 0.685067596875 0.399709228125 0.6809683468750001
0 0.465502196875 0.64772693125 0.46834057656250005 0.700534334375 0.4922841796875 0.6934957078124999 0.48879101562500005 0.640544528125 0.465502196875 0.64772693125